Date	Precipitation[mm]	Temperature[degC]	Temperature_Daylight[degC]	PAR[µmolm-2s-1]	Daylength[h]	PET[mm]
2022-06-01	1.188200	13.913511	15.218641	576.978043	16.286614	nan
2022-06-02	0.027306	14.163274	15.487168	675.986579	16.317052	nan
2022-06-03	1.155483	17.508576	19.317087	663.773172	16.346114	nan
2022-06-04	1.548667	18.513728	19.608602	555.379398	16.373771	nan
2022-06-05	6.680315	18.992371	20.256219	496.785916	16.399997	nan
2022-06-06	1.146297	19.144330	20.163120	578.501064	16.424766	nan
2022-06-07	0.033217	18.472542	19.519317	519.034661	16.448052	nan
2022-06-08	1.990537	18.731096	19.830112	518.104506	16.469831	nan
2022-06-09	1.953185	17.792396	18.633314	513.303852	16.490081	nan
2022-06-10	0.267352	18.767408	19.760913	578.464027	16.508781	nan
2022-06-11	0.052883	20.575888	21.773072	483.076084	16.525910	nan
2022-06-12	0.036118	20.942679	22.259264	632.083549	16.541450	nan
2022-06-13	0.996080	16.775079	17.308924	581.635141	16.555385	nan
2022-06-14	0.082727	16.207420	17.333757	561.649427	16.567699	nan
2022-06-15	0.000435	19.896169	21.762038	748.668688	16.578379	nan
2022-06-16	0.013574	19.673858	20.989235	703.732271	16.587414	nan
2022-06-17	0.051874	20.456733	21.706426	682.984095	16.594792	nan
2022-06-18	0.001726	26.211102	28.530475	739.993908	16.600508	nan
2022-06-19	0.585799	26.305768	28.608360	644.165045	16.604554	nan
2022-06-20	21.064347	16.482246	16.642082	293.629202	16.606926	nan
2022-06-21	0.000000	16.864181	18.030465	732.187579	16.607623	nan
2022-06-22	0.000426	20.016919	21.712349	719.386892	16.606644	nan
2022-06-23	0.000858	22.577774	24.279317	761.017920	16.603991	nan
2022-06-24	4.155454	23.158445	24.386790	568.097602	16.599668	nan
2022-06-25	0.459235	22.267233	23.201093	496.604464	16.593680	nan
2022-06-26	0.001168	24.787204	26.032556	573.224664	16.586036	nan
2022-06-27	1.311008	24.276946	25.550549	589.081295	16.576744	nan
2022-06-28	0.292766	20.873802	21.451557	687.933493	16.565815	nan
2022-06-29	4.456654	20.655268	21.278562	398.338302	16.553264	nan
2022-06-30	0.067364	23.120039	24.293548	577.802411	16.539104	nan
2022-07-01	3.852324	18.585634	18.559905	306.373302	16.523353	nan
2022-07-02	0.000000	20.118138	21.617625	747.283363	16.506028	nan
2022-07-03	0.000435	23.241829	24.835642	656.233225	16.487150	nan
2022-07-04	0.008243	20.895283	21.880481	608.929403	16.466738	nan
2022-07-05	0.097370	19.988777	21.164758	533.114159	16.444816	nan
2022-07-06	0.495798	17.806757	18.443595	472.469767	16.421407	nan
2022-07-07	12.045825	15.074927	15.475844	191.909515	16.396537	nan
2022-07-08	0.083359	16.999838	17.734905	441.699055	16.370230	nan
2022-07-09	0.932839	17.486648	18.248218	323.219659	16.342515	nan
2022-07-10	0.685329	16.024853	16.646435	337.175518	16.313419	nan
2022-07-11	0.174891	17.580594	18.551604	538.444117	16.282971	nan
2022-07-12	0.001652	19.824080	21.326202	718.875932	16.251200	nan
2022-07-13	1.640919	21.739916	23.434078	335.603122	16.218137	nan
2022-07-14	0.188115	19.789997	20.491152	382.127276	16.183812	nan
2022-07-15	0.036438	16.994902	17.789716	425.579667	16.148256	nan
2022-07-16	1.009820	17.679998	18.989910	527.213590	16.111500	nan
2022-07-17	0.001723	17.932978	19.582124	726.460235	16.073576	nan
2022-07-18	0.000000	22.976062	24.769777	676.895815	16.034517	nan
2022-07-19	0.000864	26.908006	29.228242	728.092198	15.994353	nan
2022-07-20	0.000853	29.727193	31.663747	696.926402	15.953118	nan
2022-07-21	0.464851	25.850412	26.350452	499.922599	15.910842	nan
2022-07-22	0.290513	22.313196	23.412134	467.779150	15.867558	nan
2022-07-23	0.229172	20.732295	21.758120	450.356264	15.823298	nan
2022-07-24	0.000852	23.053681	24.542235	700.021996	15.778093	nan
2022-07-25	2.733199	26.677986	29.221999	597.441183	15.731974	nan
2022-07-26	0.722960	21.400447	22.292651	495.015299	15.684972	nan
2022-07-27	0.123522	18.394378	19.146002	457.680226	15.637117	nan
2022-07-28	0.001705	19.128185	20.705839	624.613258	15.588440	nan
2022-07-29	0.365109	22.349374	23.863593	608.267328	15.538969	nan
2022-07-30	5.385448	19.849525	20.729850	404.651190	15.488735	nan
2022-07-31	4.367437	21.050473	22.679471	398.277125	15.437765	nan
2022-08-01	7.110666	20.778891	21.807076	420.627326	15.386087	nan
2022-08-02	0.002255	21.481891	22.633190	556.542866	15.333729	nan
2022-08-03	0.000441	24.908249	27.199803	646.689234	15.280717	nan
2022-08-04	0.003825	27.633625	29.881821	578.989878	15.227078	nan
2022-08-05	1.420230	22.876229	24.051558	465.398983	15.172837	nan
2022-08-06	0.001078	18.235332	19.040729	557.773646	15.118018	nan
2022-08-07	0.000838	19.140340	20.875397	661.770765	15.062646	nan
2022-08-08	0.000000	21.154264	22.775726	517.684063	15.006745	nan
2022-08-09	0.002145	21.601460	23.116237	474.390367	14.950336	nan
2022-08-10	0.000441	22.046461	23.728296	573.612319	14.893442	nan
2022-08-11	0.000858	23.185413	25.322433	632.283501	14.836085	nan
2022-08-12	0.029717	22.149141	23.909072	522.644569	14.778284	nan
2022-08-13	0.448065	22.117106	23.587821	452.786101	14.720061	nan
2022-08-14	0.206110	23.978442	25.594633	500.675594	14.661434	nan
2022-08-15	1.529443	24.025717	25.828301	497.364877	14.602422	nan
2022-08-16	0.002715	23.923346	25.558881	438.314877	14.543043	nan
2022-08-17	0.160320	25.679393	27.607476	529.422052	14.483314	nan
2022-08-18	1.348168	23.118801	24.758290	377.621360	14.423253	nan
2022-08-19	10.312518	21.136255	21.965332	308.903144	14.362875	nan
2022-08-20	5.600418	20.174268	21.351338	278.957590	14.302196	nan
2022-08-21	0.364425	19.777793	20.939860	314.189121	14.241231	nan
2022-08-22	0.264126	19.561041	21.159421	373.183410	14.179994	nan
2022-08-23	0.000969	20.092383	21.937843	468.032031	14.118499	nan
2022-08-24	0.001459	21.774425	23.451346	512.994972	14.056759	nan
2022-08-25	0.295060	22.765170	24.316473	384.240063	13.994787	nan
2022-08-26	4.477211	22.229783	23.892081	369.974949	13.932594	nan
2022-08-27	2.782618	20.253556	20.863302	197.511676	13.870194	nan
2022-08-28	0.015635	19.470296	20.370945	500.397558	13.807596	nan
2022-08-29	0.000000	17.757951	18.978824	393.398766	13.744811	nan
2022-08-30	0.226500	18.985483	20.041447	357.942932	13.681850	nan
2022-08-31	0.228605	17.807939	18.806272	314.633675	13.618723	nan
